1 0
2 0
3 0
4 0
5 1
6 4
7 9
8 10
9 19
A 24
B 31
C 31
D 31
E 31
F 31
10 31
11 19
12 1
13 19
14 90
15 190
16 310
17 441
18 441
19 349
1A 1E4
1B C4
1C 19
1D 1
1E 19
1F 40
20 51
21 51
22 64
23 64
24 64
25 64
26 51
27 40
28 24
29 19
2A 10
2B 9
2C 9
2D 4
2E 4
2F 4
30 4
31 4
32 1
33 0
34 0
35 1
36 1
37 4
38 4
39 1
3A 1
3B 1
3C 1
3D 0
3E 0
3F 0
40 0
41 0
42 1
43 1
44 1
45 1
46 1
47 0
48 0
49 0
4A 0
4B 0
4C 0
4D 0
4E 0
4F 0
50 0
51 0
52 0
53 0
54 0
55 1
56 1
57 0
58 0
59 0
5A 1
5B 4
5C 9
5D 9
5E 9
5F 9
60 9
61 9
62 9
63 9
64 9
65 9
66 9
67 9
68 4
69 1
6A 0
6B 0
6C 1
6D 4
6E 9
6F 9
70 10
71 10
72 19
73 24
74 40
75 64
76 C4
77 121
78 1B9
79 271
7A 310
7B 384
7C 3C1
7D 384
7E 2D9
7F 1E4
80 A9
81 0
82 144
83 640
84 F81
85 1D91
86 2CB9
87 3931
88 3F01
89 3931
8A 28A4
8B 1440
8C 441
8D 40
8E 900
8F 1861
90 2649
91 2B11
92 27D9
93 1FA4
94 15F9
95 D99
96 7E9
97 441
98 240
99 100
9A 51
9B 10
9C 0
9D 10
9E 40
9F 90
A0 E1
A1 121
A2 121
A3 100
A4 C4
A5 90
A6 64
A7 40
A8 24
A9 19
AA 10
AB 4
AC 1
AD 0
AE 1
AF 9
B0 19
B1 31
B2 40
B3 31
B4 24
B5 10
B6 4
B7 1
B8 0
B9 0
BA 0
BB 0
BC 0
BD 1
BE 1
BF 4
C0 4
C1 4
C2 4
C3 4
C4 4
C5 4
C6 1
C7 1
C8 1
C9 1
CA 4
CB 4
CC 9
CD 9
CE 9
CF 10
D0 10
D1 10
D2 19
D3 10
D4 10
D5 9
D6 1
D7 0
D8 4
D9 9
DA 9
DB 9
DC 9
DD 9
DE 4
DF 4
E0 4
E1 4
E2 4
E3 4
E4 4
E5 4
E6 4
E7 1
E8 0
E9 0
EA 0
EB 0
EC 0
ED 1
EE 1
EF 1
F0 1
F1 1
F2 1
F3 1
F4 1
F5 0
F6 0
F7 1
F8 4
F9 9
FA 10
FB 0
FC 0
FD 0
FE 0
FF 0
100 0
101 0
102 0
103 0
104 0
105 0
106 0
107 0
108 0
109 0
10A 0
10B 0
10C 0
10D 0
10E 0
10F 0
110 0
111 0
112 0
113 0
114 0
115 0
116 0
117 0
118 0
119 0
11A 0
11B 0
11C 0
11D 0
11E 0
11F 0
120 0
121 0
122 0
123 0
124 0
125 0
126 0
127 0
128 0
129 0
12A 0
12B 0
12C 0
12D 0
12E 0
12F 0
130 0
131 0
132 0
133 0
134 0
135 0
136 0
137 0
138 0
139 0
13A 0
13B 0
13C 0
13D 0
13E 0
13F 0
140 0
141 0
142 0
143 0
144 0
145 0
146 0
147 0
148 0
149 0
14A 0
14B 0
14C 0
14D 0
14E 0
14F 0
150 0
151 0
152 0
153 0
154 0
155 0
156 0
157 0
158 0
159 0
15A 0
15B 0
15C 0
15D 0
15E 0
15F 0
160 0
161 0
162 0
163 0
164 0
165 0
166 0
167 0
168 0
169 0
16A 0
16B 0
16C 0
16D 0
16E 0
16F 0
170 0
171 0
172 0
173 0
174 0
175 0
176 0
177 0
178 0
179 0
17A 0
17B 0
17C 0
17D 0
17E 0
17F 0
180 0
181 0
182 0
183 0
184 0
185 0
186 0
187 0
188 0
189 0
18A 0
18B 0
18C 0
18D 0
18E 0
18F 0
190 0
191 0
192 0
193 0
194 0
195 0
196 0
197 0
198 0
199 0
19A 0
19B 0
19C 0
19D 0
19E 0
19F 0
1A0 0
1A1 0
1A2 0
1A3 0
1A4 0
1A5 0
1A6 0
1A7 0
1A8 0
1A9 0
1AA 0
1AB 0
1AC 0
1AD 0
1AE 0
1AF 0
1B0 0
1B1 0
1B2 0
1B3 0
1B4 0
1B5 0
1B6 0
1B7 0
1B8 0
1B9 0
1BA 0
1BB 0
1BC 0
1BD 0
1BE 0
1BF 0
1C0 0
1C1 0
1C2 0
1C3 0
1C4 0
1C5 0
1C6 0
1C7 0
1C8 0
1C9 0
1CA 0
1CB 0
1CC 0
1CD 0
1CE 0
1CF 0
1D0 0
1D1 0
1D2 0
1D3 0
1D4 0
1D5 0
1D6 0
1D7 0
1D8 0
1D9 0
1DA 0
1DB 0
1DC 0
1DD 0
1DE 0
1DF 0
1E0 0
1E1 0
1E2 0
1E3 0
1E4 0
1E5 0
1E6 0
1E7 0
1E8 0
1E9 0
1EA 0
1EB 0
1EC 0
1ED 0
1EE 0
1EF 0
1F0 0
1F1 0
1F2 0
1F3 0
1F4 0
1F5 0
1F6 0
1F7 0
1F8 0
1F9 0
1FA 0
1FB 0
1FC 0
1FD 0
1FE 0
1FF 0
200 0
201 0
202 0
203 0
204 0
205 0
206 0
207 0
208 0
209 0
20A 0
20B 0
20C 0
20D 0
20E 0
20F 0
210 0
211 0
212 0
213 0
214 0
215 0
216 0
217 0
218 0
219 0
21A 0
21B 0
21C 0
21D 0
21E 0
21F 0
220 0
221 0
222 0
223 0
224 0
225 0
226 0
227 0
228 0
229 0
22A 0
22B 0
22C 0
22D 0
22E 0
22F 0
230 0
231 0
232 0
233 0
234 0
235 0
236 0
237 0
238 0
239 0
23A 0
23B 0
23C 0
23D 0
23E 0
23F 0
240 0
241 0
242 0
243 0
244 0
245 0
246 0
247 0
248 0
249 0
24A 0
24B 0
24C 0
24D 0
24E 0
24F 0
250 0
251 0
252 0
253 0
254 0
255 0
256 0
257 0
258 0
259 0
25A 0
25B 0
25C 0
25D 0
25E 0
25F 0
260 0
261 0
262 0
263 0
264 0
265 0
266 0
267 0
268 0
269 0
26A 0
26B 0
26C 0
26D 0
26E 0
26F 0
270 0
271 0
272 0
273 0
274 0
275 0
276 0
277 0
278 0
279 0
27A 0
27B 0
27C 0
27D 0
27E 0
27F 0
280 0
281 0
282 0
283 0
284 0
285 0
286 0
287 0
288 0
289 0
28A 0
28B 0
28C 0
28D 0
28E 0
28F 0
290 0
291 0
292 0
293 0
294 0
295 0
296 0
297 0
298 0
299 0
29A 0
29B 0
29C 0
29D 0
29E 0
29F 0
2A0 0
2A1 0
2A2 0
2A3 0
2A4 0
2A5 0
2A6 0
2A7 0
2A8 0
2A9 0
2AA 0
2AB 0
2AC 0
2AD 0
2AE 0
2AF 0
2B0 0
2B1 0
2B2 0
2B3 0
2B4 0
2B5 0
2B6 0
2B7 0
2B8 0
2B9 0
2BA 0
2BB 0
2BC 0
2BD 0
2BE 0
2BF 0
2C0 0
2C1 0
2C2 0
2C3 0
2C4 0
2C5 0
2C6 0
2C7 0
2C8 0
2C9 0
2CA 0
2CB 0
2CC 0
2CD 0
2CE 0
2CF 0
2D0 0
2D1 0
2D2 0
2D3 0
2D4 0
2D5 0
2D6 0
2D7 0
2D8 0
2D9 0
2DA 0
2DB 0
2DC 0
2DD 0
2DE 0
2DF 0
2E0 0
2E1 0
2E2 0
2E3 0
2E4 0
2E5 0
2E6 0
2E7 0
2E8 0
2E9 0
2EA 0
2EB 0
2EC 0
2ED 0
2EE 0
2EF 0
2F0 0
2F1 0
2F2 0
2F3 0
2F4 0
2F5 0
2F6 0
2F7 0
2F8 0
2F9 0
2FA 0
2FB 0
2FC 0
2FD 0
2FE 0
2FF 0
300 0
301 0
302 0
303 0
304 0
305 0
306 0
307 0
308 0
309 0
30A 0
30B 0
30C 0
30D 0
30E 0
30F 0
310 0
311 0
312 0
313 0
314 0
315 0
316 0
317 0
318 0
319 0
31A 0
31B 0
31C 0
31D 0
31E 0
31F 0
320 0
321 0
322 0
323 0
324 0
325 0
326 0
327 0
328 0
329 0
32A 0
32B 0
32C 0
32D 0
32E 0
32F 0
330 0
331 0
332 0
333 0
334 0
335 0
336 0
337 0
338 0
339 0
33A 0
33B 0
33C 0
33D 0
33E 0
33F 0
340 0
341 0
342 0
343 0
344 0
345 0
346 0
347 0
348 0
349 0
34A 0
34B 0
34C 0
34D 0
34E 0
34F 0
350 0
351 0
352 0
353 0
354 0
355 0
356 0
357 0
358 0
359 0
35A 0
35B 0
35C 0
35D 0
35E 0
35F 0
360 0
361 0
362 0
363 0
364 0
365 0
366 0
367 0
368 0
369 0
36A 0
36B 0
36C 0
36D 0
36E 0
36F 0
370 0
371 0
372 0
373 0
374 0
375 0
376 0
377 0
378 0
379 0
37A 0
37B 0
37C 0
37D 0
37E 0
37F 0
380 0
381 0
382 0
383 0
384 0
385 0
386 0
387 0
388 0
389 0
38A 0
38B 0
38C 0
38D 0
38E 0
38F 0
390 0
391 0
392 0
393 0
394 0
395 0
396 0
397 0
398 0
399 0
39A 0
39B 0
39C 0
39D 0
39E 0
39F 0
3A0 0
3A1 0
3A2 0
3A3 0
3A4 0
3A5 0
3A6 0
3A7 0
3A8 0
3A9 0
3AA 0
3AB 0
3AC 0
3AD 0
3AE 0
3AF 0
3B0 0
3B1 0
3B2 0
3B3 0
3B4 0
3B5 0
3B6 0
3B7 0
3B8 0
3B9 0
3BA 0
3BB 0
3BC 0
3BD 0
3BE 0
3BF 0
3C0 0
3C1 0
3C2 0
3C3 0
3C4 0
3C5 0
3C6 0
3C7 0
3C8 0
3C9 0
3CA 0
3CB 0
3CC 0
3CD 0
3CE 0
3CF 0
3D0 0
3D1 0
3D2 0
3D3 0
3D4 0
3D5 0
3D6 0
3D7 0
3D8 0
3D9 0
3DA 0
3DB 0
3DC 0
3DD 0
3DE 0
3DF 0
3E0 0
3E1 0
3E2 0
3E3 0
3E4 0
3E5 0
3E6 0
3E7 0